PD1
[10296,10288,10263,10161,10140,10137,10134,10154,10208,10279,10236,10106,10109,10159,10126,10112,10206,10295,10176,10152,10156,10142,10185,10276,10245,10144,10290,10115,10151,10244,10255,10297,10252,10289,10286,10287,10256,10173,10170,10179,10260,10285,10284,10238,10182,10291,10189,10120,10266,10248,10249,10239,10224,10226,10227,10228,10229,10214,10215,10216,10217,10218,10219,10220,10221,10222,10223,10175,10268,10150,10210,10235,10153,10133,10259,10275,10181,10262,10258,10240,10178,10114,10241,10119,10187,10111,10265,10207,10172,10246,10247]
[5420,10840,16270,8130,5420,8130,16270,16270,5420,5420,16270,8130,5420,8130,16270,32530,16270,5420,16270,8130,8130,5420,5420,16270,16270,8130,16270,16270,16270,16270,16270,16270,16270,10840,10840,10840,16270,16270,8130,16270,32530,32530,16270,32530,16270,16270,32530,32530,32530,65060,65060,32530,180000,180000,180000,180000,180000,90000,90000,90000,90000,90000,90000,90000,90000,90000,90000,21190,21190,21190,15700,21190,21190,13670,42390,21190,28260,21190,42390,42390,21190,14130,42390,60550,52980,84780,52980,21190,28260,94190,94190]

PD2
[10448,10449,10450,10451,10452,10453,10454,10455,10476,10477,10478,10479,10480,10465,10292,10466,10467,10469,10293,10294,10317,10323,10355,10312,10331,10396,10368,10385,10398,10327,10374,10319,10392,10362,10447,10339,10333,10335,10341,10337,10394,10345,10379,10343,10349,10444,10329,10483,10351,10370,10315,10360,10375,10325,10347,10308,10389,10366,10364,10357,10310,10321,10371,10372,10445,10350,10388,10346,10446,10307,10391,10320,10324,10309,10395,10356,10363,10365]
[112500,112500,112500,112500,112500,112500,112500,112500,180000,180000,180000,180000,180000,60000,60000,60000,120000,120000,240000,240000,7830,7830,7830,7830,7830,46960,15650,11740,7830,11740,15650,11740,23480,15650,23480,11740,11740,11740,7830,7830,11740,7830,11740,7830,11740,46960,11740,11740,23480,15650,11740,15650,15650,46960,23480,23480,23480,93910,93910,46960,46960,23480,2690,2690,82420,21230,21890,24160,24160,25020,21890,21890,87570,87570,87570,77840,155690,155690]

PD3
[10499,10528,10520,10524,10565,10546,10526,10571,10569,10573,10513,10501,10518,10511,10618,10522,10538,10616,10549,10505,10567,10536,10532,10542,10530,10557,10507,10515,10534,10544,10540,10509,10563,10561,10495,10503,10551,10491,10555,10559,10554,10627,10645,10625,10490,10628,10629,10630,10631,10632,10633,10635,10636,10637,10638,10640,10641,10642,10643,10644,10523,10512,10545,10531,10506,10508,10517,10539,10547,10558,10560,10562,10568,10572,10617,10552,10566,10494,10500,10502,10510,10514,10516,10550,10521,10525,10527,10529,10537,10533,10504,10543,10519,10556,10564,10570,10615,10535,10553,10541,10498]
[8530,12800,8530,12800,12800,8530,12800,8530,25590,25590,8530,8530,25590,8530,25590,8530,25590,8530,51180,12800,8530,8530,25590,12800,8530,8530,51180,25590,25590,8530,12800,25590,12800,12800,12800,25590,12800,51180,102370,25590,102370,24320,72970,72970,145950,291890,291890,180000,180000,180000,180000,180000,112500,112500,112500,112500,112500,112500,112500,112500,7840,1310,1310,22410,78420,22410,22410,7840,78420,22410,7840,7840,22410,22410,22410,156850,1310,7840,1310,22410,1310,22410,78420,7840,1310,7840,7840,1310,22410,22410,7840,1310,1310,1310,7840,1310,1310,1310,156850,7840,1310]

PD4
[10752,10710,10734,10672,10660,10712,10764,10754,10674,10736,10658,10699,10756,10652,10697,10662,10714,10740,10742,10695,10654,10766,10758,10762,10676,10760,10678,10670,10668,10738,10682,10656,10722,10720,10680,10716,10718,10768,10770,10653,10741,10681,10679,10721,10655,10715,10769,10765,10739,10717,10719,10767,10675,10677,10666,10688,10705,10726,10746,10685,10693,10701,10704,10708,10728,10731,10745,10748,10772]
[10110,10110,10110,15170,10110,10110,15170,10110,15170,10110,10110,15170,10110,10110,10110,15170,15170,30340,60670,10110,30340,60670,15170,15170,30340,15170,30340,10110,10110,15170,60670,30340,30340,30340,30340,30340,30340,60670,60670,32730,114550,114550,32730,32730,32730,32730,114550,114550,32730,32730,32730,114550,32730,32730,180000,180000,180000,180000,180000,90000,90000,90000,90000,90000,90000,90000,90000,90000,90000]

PS15
[69,64,86,70,66,74,88,67,65,73,76,68,72,36,37,38,39,4027,28,29,30,31,33,34,35,16,20,15,17,12,10,9,14,13,8,18,19,11]
[53850,64960,53150,64960,90950,43080,77220,64960,56060,25110,113680,104940,87080,180000,180000,180000,180000,180000,112500,112500,112500,112500,112500,112500,112500,1125034560,51840,10370,5180,34560,115190,10370,207350,10370,3460,2070,207350,207350]
