

PD2 FE (Pool 0)
[10371,10372,10445,10350,10388,10346,10446,10307,10391,10320,10324,10309,10395,10356,10363,10365]
[269,269,8242,2123,2189,2416,2416,2502,2189,2189,8757,8757,8757,7784,15569,15569]

PD3 FE (Pool 1)
[10523,10512,10545,10531,10506,10508,10517,10539,10547,10558,10560,10562,10568,10572,10617,10552,10566,10494,10500,10502,10510,10514,10516,10550,10521,10525,10527,10529,10537,10533,10504,10543,10519,10556,10564,10570,10615,10535,10553,10541,10498]
[784,131,131,2241,7842,2241,2241,784,7842,2241,784,784,2241,2241,2241,15685,131,784,131,2241,131,2241,7842,784,131,784,784,131,2241,2241,784,131,131,131,784,131,131,131,15685,784,131]

PD1 FE (Pool 2)
[10175,10268,10150,10210,10235,10153,10133,10259,10275,10181,10262,10258,10240,10178,10114,10241,10119,10187,10111,10265,10207,10172,10246,10247]
[2119,2119,2119,1570,2119,2119,1367,4239,2119,2826,2119,4239,4239,2119,1413,4239,6055,5298,8478,5298,2119,2826,9419,9419]

PD1 ART (Pool 3)
[10214,10215,10216,10217,10218,10219,10220,10221,10222,10223]
[9000,9000,9000,9000,9000,9000,9000,9000,9000,9000]

PD1 CARD BACK (Pool 4)
[10224,10226,10227,10228,10229]
[18000,18000,18000,18000,18000]

PD1 SE (Pool 5)
[10296,10288,10263,10161,10140,10137,10134,10154,10208,10279,10236,10106,10109,10159,10126,10112,10206,10295,10176,10152,10156,10142,10185,10276,10245,10144,10290,10115,10151,10244,10255,10297,10252,10289,10286,10287,10256,10173,10170,10179,10260,10285,10284,10238,10182,10291,10189,10120,10266,10248,10249,10239]
[542,1084,1627,813,542,813,1627,1627,542,542,1627,813,542,813,1627,3253,1627,542,1627,813,813,542,542,1627,1627,813,1627,1627,1627,1627,1627,1627,1627,1084,1084,1084,1627,1627,813,1627,3253,3253,1627,3253,1627,1627,3253,3253,3253,6506,6506,3253]

PD2 ART (Pool 6)
[10448,10449,10450,10451,10452,10453,10454,10455]
[11250,11250,11250,11250,11250,11250,11250,11250]

PD2 CARD BACK (Pool 7)
[10476,10477,10478,10479,10480]
[18000,18000,18000,18000,18000]

PD2 PL (Pool 8)
[10465,10292,10466,10467,10469,10293,10294]
[6000,6000,6000,12000,12000,24000,24000]

PD2 SE (Pool 9)
[10317,10323,10355,10312,10331,10396,10368,10385,10398,10327,10374,10319,10392,10362,10447,10339,10333,10335,10341,10337,10394,10345,10379,10343,10349,10444,10329,10483,10351,10370,10315,10360,10375,10325,10347,10308,10389,10366,10364,10357,10310,10321]
[783,783,783,783,783,4696,1565,1174,783,1174,1565,1174,2348,1565,2348,1174,1174,1174,783,783,1174,783,1174,783,1174,4696,1174,1174,2348,1565,1174,1565,1565,4696,2348,2348,2348,9391,9391,4696,4696,2348]

PD3 ART (Pool 10)
[10636,10637,10638,10640,10641,10642,10643,10644]
[11250,11250,11250,11250,11250,11250,11250,11250]

PD3 CARD BACK (Pool 11)
[10630,10631,10632,10633,10635]
[18000,18000,18000,18000,18000]

PD3 PL (Pool 12)
[10627,10645,10625,10490,10628,10629]
[2432,7297,7297,14595,29189,29189]

PD3 SE (Pool 13)
[10499,10528,10520,10524,10565,10546,10526,10571,10569,10573,10513,10501,10518,10511,10618,10522,10538,10616,10549,10505,10567,10536,10532,10542,10530,10557,10507,10515,10534,10544,10540,10509,10563,10561,10495,10503,10551,10491,10555,10559,10554]
[853,1280,853,1280,1280,853,1280,853,2559,2559,853,853,2559,853,2559,853,2559,853,5118,1280,853,853,2559,1280,853,853,5118,2559,2559,853,1280,2559,1280,1280,1280,2559,1280,5118,10237,2559,10237]

PS15 FE (Pool 14)
[16,20,15,17,12,10,9,14,13,8,18,19,11]
[3456,5184,1037,518,3456,11519,1037,20735,1037,346,207,20735,20735]

PS15 ART (Pool 15)
[27,28,29,30,31,33,34,35]
[11250,11250,11250,11250,11250,11250,11250,11250]

PS15 CARD BACK (Pool 16)
[36,37,38,39,40]
[18000,18000,18000,18000,18000]

PS15 SE (Pool 17)
[69,64,86,70,66,74,88,67,65,73,76,68,72]
[5385,6496,5315,6496,9095,4308,7722,6496,5606,2511,11368,10494,8708]

PD4 ART (Pool 18)
[10685,10693,10701,10704,10708,10728,10731,10745,10748,10772]
[9000,9000,9000,9000,9000,9000,9000,9000,9000,9000]

PD4 CARD BACK (Pool 19)
[10666,10688,10705,10726,10746]
[18000,18000,18000,18000,18000]

PD4 FE (Pool 20)
[10653,10741,10681,10679,10721,10655,10715,10769,10765,10739,10717,10719,10767,10675,10677]
[3273,11455,11455,3273,3273,3273,3273,11455,11455,3273,3273,3273,11455,3273,3273]

PD4 SE (Pool 21)
[10752,10710,10734,10672,10660,10712,10764,10754,10674,10736,10658,10699,10756,10652,10697,10662,10714,10740,10742,10695,10654,10766,10758,10762,10676,10760,10678,10670,10668,10738,10682,10656,10722,10720,10680,10716,10718,10768,10770]
[1011,1011,1011,1517,1011,1011,1517,1011,1517,1011,1011,1517,1011,1011,1011,1517,1517,3034,6067,1011,3034,6067,1517,1517,3034,1517,3034,1011,1011,1517,6067,3034,3034,3034,3034,3034,3034,6067,6067]
